7 0.251219 0.402562 0.131781 0.189833
31 0.237852 0.670792 0.094391 0.118958
32 0.691648 0.502646 0.111984 0.149667
22 0.853063 0.776208 0.112594 0.074208
0 0.470469 0.452510 0.059750 0.091188
38 0.450172 0.232198 0.161844 0.089229
38 0.835406 0.258792 0.169781 0.079542
18 0.478484 0.740146 0.097844 0.133042
2 0.669039 0.896813 0.160266 0.206375
17 0.056695 0.568969 0.113391 0.232187
30 0.022883 0.841583 0.045766 0.077667
16 0.953242 0.548000 0.093516 0.325583
5 0.872023 0.338854 0.110297 0.164375
13 0.247891 0.947823 0.201719 0.103854
