39 0.256133 0.749396 0.124672 0.280792
33 0.479063 0.456458 0.011563 0.019583
20 0.333352 0.197448 0.041547 0.071729
11 0.681328 0.448469 0.044813 0.050979
20 0.548352 0.182688 0.027328 0.074625
27 0.056875 0.770969 0.017500 0.050812
19 0.417766 0.209500 0.327281 0.216833
15 0.728047 0.707187 0.206094 0.193958
20 0.467461 0.187458 0.032578 0.075500
10 0.069523 0.496125 0.026078 0.038458
34 0.072922 0.232844 0.030406 0.040146
25 0.489766 0.734687 0.013594 0.019375
36 0.863711 0.170271 0.051328 0.070292
