16 0.086008 0.861208 0.172016 0.277583
2 0.150836 0.562312 0.084359 0.226167
30 0.860484 0.483698 0.051719 0.064854
17 0.863773 0.728490 0.152984 0.196729
7 0.718648 0.388542 0.086953 0.148000
18 0.370719 0.091167 0.070250 0.117000
38 0.365062 0.899375 0.150000 0.079167
13 0.470047 0.542427 0.198250 0.252063
0 0.380039 0.302052 0.052891 0.078104
38 0.719461 0.903521 0.150922 0.075333
24 0.639977 0.696656 0.059359 0.116646
40 0.560133 0.134958 0.168609 0.267250
5 0.903484 0.263740 0.089250 0.133729
22 0.274406 0.462531 0.069906 0.114437
23 0.234086 0.659344 0.094203 0.083688
