18 0.217992 0.373396 0.075047 0.105917
17 0.751570 0.358448 0.130453 0.167021
38 0.715398 0.548427 0.131797 0.082146
23 0.287023 0.542927 0.075391 0.107896
38 0.415844 0.471094 0.124281 0.061813
30 0.542102 0.593406 0.043516 0.058438
0 0.578531 0.784250 0.049906 0.070833
40 0.929391 0.565125 0.141219 0.287417
31 0.349234 0.677438 0.065719 0.094833
2 0.473102 0.769750 0.157953 0.145583
32 0.728664 0.848010 0.084047 0.124229
16 0.503383 0.214490 0.179828 0.228854
6 0.944867 0.855083 0.109703 0.065458
