17 0.887227 0.358792 0.134453 0.169792
7 0.813617 0.549375 0.100891 0.122458
0 0.671687 0.682698 0.050219 0.067521
38 0.780680 0.825146 0.129797 0.125375
13 0.564828 0.244750 0.176781 0.240958
18 0.563461 0.513990 0.067484 0.105437
32 0.512375 0.790281 0.087250 0.117896
2 0.385969 0.532792 0.128531 0.161708
6 0.331992 0.311000 0.067984 0.127667
24 0.431031 0.401375 0.075156 0.141500
22 0.335133 0.672719 0.066828 0.072562
31 0.724539 0.425073 0.062797 0.091646
16 0.268734 0.922437 0.214812 0.154000
30 0.781312 0.225792 0.044781 0.058458
