7 0.343203 0.098510 0.096281 0.197021
32 0.515516 0.572583 0.097781 0.143250
5 0.691930 0.655510 0.076828 0.089896
24 0.128648 0.648260 0.159672 0.144812
23 0.783320 0.232646 0.098828 0.189208
22 0.390039 0.843958 0.067734 0.068125
13 0.065367 0.448365 0.130734 0.361521
40 0.934109 0.849021 0.131781 0.300917
0 0.440086 0.327229 0.056703 0.090583
18 0.273719 0.472510 0.099375 0.120771
38 0.761844 0.605344 0.134719 0.198479
38 0.564383 0.196573 0.092578 0.187396
30 0.042977 0.114802 0.056359 0.070979
2 0.258148 0.774615 0.184047 0.229854
16 0.679016 0.902771 0.266094 0.194458
31 0.217133 0.223135 0.081266 0.107021
