39 0.311547 0.443344 0.186844 0.223104
20 0.654953 0.234417 0.032281 0.068667
15 0.546672 0.877667 0.146031 0.242167
25 0.428008 0.658656 0.014766 0.017729
11 0.696539 0.713073 0.041828 0.061354
1 0.242383 0.831490 0.066766 0.090354
3 0.053086 0.394833 0.106172 0.149875
33 0.580547 0.507917 0.011719 0.019167
35 0.511852 0.026458 0.019422 0.037500
36 0.979297 0.771010 0.041406 0.062146
19 0.698313 0.333844 0.293156 0.401687
20 0.732961 0.355208 0.033766 0.065000
20 0.783773 0.433167 0.037828 0.060667
27 0.226227 0.282552 0.030422 0.032938
10 0.373430 0.160125 0.024078 0.023500
