23 0.157664 0.319833 0.093234 0.131042
6 0.777414 0.596271 0.084203 0.096625
38 0.577391 0.339719 0.119813 0.086979
38 0.292609 0.267073 0.121687 0.060771
40 0.810828 0.343490 0.195281 0.267354
16 0.381984 0.070781 0.172563 0.140188
30 0.412617 0.380885 0.043016 0.058729
0 0.441555 0.549646 0.049484 0.073042
18 0.103914 0.172552 0.076453 0.107271
17 0.619180 0.159979 0.121391 0.165542
2 0.340055 0.539042 0.152328 0.136000
31 0.224633 0.456271 0.067203 0.093667
32 0.579641 0.605510 0.079344 0.113562
24 0.153961 0.790187 0.123641 0.107375
7 0.874492 0.121219 0.103641 0.165604
22 0.301844 0.912031 0.073531 0.066188
5 0.948813 0.783323 0.099750 0.052979
