18 0.155703 0.267594 0.077156 0.106688
32 0.649195 0.721323 0.080297 0.113396
30 0.473008 0.483458 0.043141 0.058042
23 0.217680 0.426146 0.085609 0.121375
40 0.883914 0.448865 0.203516 0.277438
2 0.402680 0.648354 0.156641 0.140542
6 0.857492 0.718594 0.101516 0.079729
38 0.350180 0.365563 0.124109 0.059042
38 0.641758 0.440490 0.125141 0.082687
17 0.682070 0.257198 0.125984 0.166313
31 0.282266 0.562958 0.064938 0.093583
16 0.438172 0.117781 0.177344 0.226729
0 0.506102 0.661990 0.050984 0.069812
7 0.944570 0.220875 0.110391 0.157667
24 0.220312 0.925250 0.114375 0.095458
