0 0.273391 0.393156 0.057562 0.077854
22 0.152688 0.569615 0.091219 0.100563
13 0.357727 0.644937 0.205953 0.261542
2 0.038555 0.665677 0.077078 0.234854
7 0.608313 0.491615 0.069937 0.136313
30 0.759266 0.583010 0.050344 0.064854
17 0.756883 0.841688 0.153953 0.209750
23 0.104047 0.776625 0.115687 0.065750
18 0.270898 0.177240 0.070359 0.113312
5 0.798828 0.361021 0.074813 0.122042
16 0.025445 0.915604 0.050328 0.168167
24 0.518437 0.809833 0.043094 0.092417
40 0.457750 0.219479 0.169312 0.280750
