39 0.358969 0.291708 0.158250 0.152167
20 0.749422 0.548333 0.035719 0.049583
19 0.723141 0.417281 0.188156 0.372479
20 0.733523 0.458552 0.035172 0.053313
35 0.019148 0.833302 0.037359 0.041729
28 0.031344 0.175313 0.018125 0.029792
27 0.353000 0.127292 0.028063 0.012917
10 0.510930 0.102604 0.023141 0.018958
36 0.804945 0.959427 0.049766 0.061146
33 0.554922 0.497396 0.011719 0.019375
26 0.213438 0.798854 0.015937 0.032708
34 0.668469 0.064625 0.019688 0.035417
9 0.029563 0.372646 0.011000 0.015542
25 0.382656 0.532292 0.010937 0.010417
11 0.580313 0.732156 0.040313 0.052521
20 0.711523 0.312583 0.033047 0.059000
1 0.182102 0.558500 0.050984 0.068042
15 0.394078 0.756635 0.120687 0.230562
