7 0.846750 0.817490 0.089312 0.060396
16 0.697063 0.112812 0.159094 0.205875
30 0.608133 0.421188 0.037266 0.052875
18 0.429078 0.092031 0.057062 0.102687
31 0.436484 0.380688 0.055469 0.079667
2 0.498406 0.515854 0.141594 0.066000
38 0.548641 0.263917 0.102719 0.097083
40 0.942922 0.624469 0.113656 0.260437
38 0.759398 0.476760 0.102984 0.124063
0 0.576625 0.576729 0.043156 0.067542
17 0.853977 0.352063 0.121578 0.151375
32 0.673937 0.702885 0.082938 0.078896
22 0.362563 0.785417 0.050719 0.051042
24 0.289602 0.611104 0.080578 0.096375
23 0.428305 0.242313 0.048391 0.123792
