17 0.369812 0.062406 0.138250 0.124021
13 0.091500 0.305781 0.183000 0.251479
0 0.454812 0.470781 0.053688 0.082354
38 0.632875 0.906875 0.067625 0.185375
23 0.775484 0.609823 0.085344 0.114313
7 0.447875 0.216781 0.072906 0.187854
18 0.265578 0.500010 0.093469 0.120146
22 0.211727 0.906948 0.096703 0.066437
5 0.530969 0.939562 0.038687 0.072000
31 0.311625 0.248729 0.072125 0.103875
24 0.076695 0.583708 0.132766 0.140708
38 0.611680 0.429312 0.045266 0.194583
2 0.145383 0.749812 0.194047 0.118208
32 0.426047 0.738156 0.103313 0.135479
