23 0.916945 0.689552 0.112328 0.072146
0 0.607266 0.556375 0.054219 0.074750
2 0.872328 0.452906 0.100969 0.209979
22 0.794031 0.395625 0.076625 0.123333
17 0.669742 0.781833 0.142391 0.205917
13 0.490172 0.297979 0.143406 0.279458
36 0.638742 0.111708 0.064703 0.115333
24 0.505289 0.077500 0.049422 0.155000
38 0.346977 0.095646 0.111453 0.134958
18 0.300031 0.335417 0.078375 0.111667
40 0.347289 0.606490 0.217609 0.322021
16 0.167578 0.859167 0.222656 0.281667
31 0.402453 0.927646 0.074531 0.117167
5 0.926875 0.908667 0.105125 0.056208
6 0.098898 0.571813 0.116578 0.113875
