24 0.537484 0.629677 0.071312 0.149438
22 0.066187 0.656812 0.131125 0.106750
40 0.301891 0.151500 0.116937 0.229375
23 0.096289 0.898812 0.140859 0.087625
6 0.813914 0.953187 0.115172 0.091500
7 0.495508 0.280302 0.066891 0.182313
17 0.756906 0.513646 0.160656 0.204708
30 0.667578 0.286187 0.050031 0.070250
13 0.314711 0.577427 0.240703 0.311063
38 0.687758 0.774990 0.154547 0.130771
0 0.123195 0.420594 0.072766 0.084896
18 0.040797 0.217687 0.081594 0.126917
5 0.627250 0.070125 0.051719 0.137583
