32 0.171445 0.805615 0.101234 0.141437
7 0.739016 0.162125 0.097969 0.193333
18 0.282148 0.528656 0.085109 0.118312
0 0.383125 0.446354 0.058937 0.079667
2 0.415602 0.287750 0.175891 0.103583
40 0.805594 0.548354 0.154969 0.334208
17 0.584313 0.063615 0.189656 0.125438
17 0.258195 0.034969 0.130859 0.069271
23 0.131633 0.172125 0.074734 0.100375
13 0.574477 0.951021 0.281453 0.097875
31 0.132266 0.172240 0.076219 0.101146
21 0.850758 0.150531 0.037609 0.190729
6 0.922047 0.884010 0.130469 0.080313
