24 0.740781 0.465677 0.122594 0.183146
40 0.209828 0.188208 0.266313 0.225750
7 0.544070 0.165604 0.073297 0.223708
23 0.740164 0.465875 0.123391 0.183083
0 0.207633 0.567438 0.073266 0.087208
22 0.279141 0.828406 0.107937 0.076312
38 0.907555 0.515146 0.117109 0.205833
13 0.493695 0.576010 0.207203 0.330854
32 0.943914 0.934135 0.111922 0.131729
17 0.859172 0.245375 0.169875 0.209708
30 0.679312 0.087271 0.055187 0.076542
17 0.034797 0.436719 0.069594 0.139438
18 0.035195 0.437135 0.070203 0.140813
