6 0.668602 0.150500 0.079578 0.187917
16 0.330133 0.868312 0.222266 0.262667
2 0.273188 0.413562 0.162469 0.096708
31 0.547656 0.112292 0.063844 0.094667
7 0.668984 0.148219 0.077062 0.181104
18 0.435820 0.281562 0.073516 0.118667
17 0.665422 0.023875 0.131594 0.047750
38 0.732273 0.412469 0.090422 0.168896
0 0.591656 0.359073 0.047344 0.078354
22 0.277711 0.546760 0.081078 0.090187
13 0.349352 0.069844 0.150234 0.137604
6 0.136680 0.223594 0.102578 0.149938
23 0.809852 0.636323 0.094266 0.108604
7 0.136422 0.224458 0.101750 0.150125
24 0.269602 0.244073 0.095703 0.175521
32 0.486812 0.548552 0.084062 0.124021
38 0.587508 0.812000 0.070078 0.199917
0 0.571336 0.990500 0.042047 0.018292
