31 0.217188 0.311917 0.048844 0.064833
17 0.409258 0.862521 0.106328 0.145833
18 0.749703 0.364198 0.056031 0.075604
17 0.325437 0.193156 0.135469 0.169021
2 0.475531 0.228563 0.109438 0.056667
40 0.739695 0.544740 0.162203 0.181271
0 0.625578 0.391969 0.035313 0.055729
7 0.579289 0.698156 0.042859 0.074938
24 0.405836 0.632052 0.055203 0.065313
30 0.551531 0.869708 0.030625 0.049000
23 0.414234 0.295312 0.033875 0.096708
38 0.314898 0.729323 0.036797 0.134854
6 0.210352 0.746510 0.072953 0.056854
31 0.219734 0.545292 0.064688 0.090542
13 0.495492 0.490469 0.134453 0.188229
5 0.671289 0.890500 0.041172 0.039417
32 0.219664 0.545031 0.064203 0.090271
38 0.317148 0.426531 0.036047 0.120687
22 0.513312 0.310000 0.021687 0.085000
