0 0.472266 0.654260 0.045813 0.067354
7 0.735055 0.912062 0.074234 0.070583
24 0.169625 0.698135 0.099094 0.085021
23 0.322539 0.312885 0.065297 0.113937
18 0.331242 0.151385 0.060953 0.099604
22 0.240828 0.881562 0.068000 0.052500
38 0.450625 0.329604 0.104563 0.100625
38 0.658406 0.552063 0.099750 0.125500
2 0.394328 0.592250 0.146469 0.067292
32 0.567523 0.786583 0.082984 0.082250
17 0.758500 0.424760 0.121312 0.152979
31 0.334281 0.450125 0.058062 0.080000
30 0.508320 0.493115 0.038078 0.054229
40 0.857258 0.703635 0.139141 0.267479
16 0.604172 0.173823 0.162469 0.209937
