20 0.419609 0.104083 0.036406 0.082250
25 0.570711 0.629812 0.014891 0.019875
27 0.180773 0.956854 0.029766 0.062792
20 0.224906 0.244823 0.049250 0.074521
20 0.348055 0.155281 0.039828 0.076104
19 0.304469 0.214365 0.360500 0.378771
10 0.081273 0.695792 0.026922 0.048625
26 0.879820 0.725396 0.025828 0.034583
11 0.630273 0.268500 0.042016 0.042917
1 0.711461 0.919010 0.079109 0.103729
33 0.457633 0.391583 0.011922 0.022667
39 0.375312 0.790729 0.188437 0.313125
15 0.774078 0.452229 0.200281 0.224875
