32 0.282891 0.810677 0.079250 0.100062
5 0.905633 0.822042 0.079984 0.039333
40 0.810711 0.438531 0.154016 0.231146
17 0.628609 0.953208 0.127156 0.092917
16 0.240055 0.364490 0.159297 0.201563
30 0.766719 0.890104 0.041656 0.056875
38 0.336422 0.610604 0.085313 0.126292
0 0.632250 0.361448 0.037656 0.063021
24 0.531094 0.754865 0.057094 0.079979
23 0.388250 0.404865 0.051969 0.103188
22 0.496180 0.349833 0.028047 0.098833
31 0.172406 0.566000 0.058062 0.079250
13 0.560914 0.555177 0.163141 0.213021
2 0.410008 0.300271 0.121578 0.093333
38 0.475297 0.920177 0.076656 0.157562
7 0.733164 0.697729 0.074297 0.086375
18 0.738641 0.250219 0.060187 0.088271
