23 0.441688 0.274854 0.037250 0.092792
22 0.203180 0.674583 0.065109 0.055000
0 0.451875 0.628750 0.040937 0.059583
2 0.414148 0.535396 0.124234 0.107042
38 0.543883 0.352958 0.067859 0.123667
30 0.534578 0.521427 0.035094 0.046729
40 0.746492 0.880729 0.148266 0.238542
38 0.638547 0.658052 0.053969 0.140271
18 0.504883 0.147229 0.053672 0.087792
32 0.483734 0.788271 0.073781 0.063458
31 0.410023 0.391781 0.051828 0.071479
16 0.723781 0.315917 0.153063 0.196083
17 0.767422 0.606906 0.111094 0.142562
24 0.205156 0.496615 0.084062 0.104271
7 0.920477 0.862083 0.102828 0.069583
6 0.570492 0.973562 0.046984 0.052875
