26 0.240969 0.653167 0.019313 0.024000
33 0.559250 0.837792 0.009000 0.011250
35 0.147195 0.497833 0.028734 0.036000
11 0.434492 0.980938 0.036953 0.038125
37 0.025156 0.627188 0.050313 0.106042
20 0.757320 0.916479 0.034641 0.035792
19 0.717734 0.895740 0.255469 0.208521
3 0.587555 0.268000 0.074891 0.119750
25 0.456953 0.675625 0.010781 0.015417
15 0.319609 0.813750 0.140469 0.171250
10 0.787008 0.570042 0.023984 0.031542
9 0.388484 0.270073 0.015531 0.010812
28 0.495984 0.162083 0.027531 0.030417
27 0.682891 0.425823 0.022719 0.029104
35 0.903953 0.723760 0.021594 0.023396
1 0.351961 0.504479 0.049828 0.062708
39 0.577063 0.536521 0.138063 0.197375
