32 0.335469 0.179198 0.105625 0.139104
38 0.667594 0.723229 0.184375 0.107292
6 0.092000 0.100563 0.136625 0.200542
40 0.047578 0.419458 0.095156 0.354000
23 0.863516 0.584687 0.127656 0.141042
30 0.514750 0.522969 0.058938 0.077812
38 0.284445 0.532406 0.167672 0.132271
17 0.173258 0.801052 0.194109 0.253313
2 0.623148 0.324615 0.198078 0.148813
16 0.505953 0.961146 0.209531 0.077708
0 0.498484 0.281427 0.062531 0.092979
31 0.770227 0.460062 0.086391 0.119333
18 0.950000 0.921083 0.100000 0.143208
