33 0.663438 0.671458 0.011250 0.015417
9 0.114297 0.536458 0.011719 0.019167
39 0.460836 0.460177 0.161641 0.145021
10 0.605281 0.247000 0.026125 0.025542
8 0.115039 0.772219 0.011016 0.014854
11 0.695789 0.925438 0.040453 0.060250
15 0.507352 0.927354 0.120266 0.145292
1 0.281320 0.741198 0.050984 0.069479
3 0.263984 0.275521 0.071094 0.140833
19 0.836250 0.590521 0.207188 0.409375
28 0.110234 0.321250 0.018906 0.036667
33 0.771094 0.207198 0.021875 0.032271
20 0.854445 0.634948 0.039078 0.045521
20 0.872734 0.734958 0.042656 0.041750
20 0.825805 0.477667 0.037859 0.053417
27 0.443195 0.271490 0.025984 0.024938
26 0.313789 0.990521 0.017328 0.018958
25 0.482891 0.705208 0.010469 0.012917
