36 0.933195 0.234552 0.054203 0.070896
33 0.544609 0.527271 0.012031 0.021292
20 0.394820 0.265323 0.036922 0.071854
15 0.808078 0.792167 0.221031 0.198083
20 0.615422 0.249521 0.031344 0.077625
25 0.558695 0.813844 0.014484 0.021438
19 0.477844 0.280719 0.325875 0.230188
39 0.325859 0.836063 0.123469 0.304917
34 0.129336 0.297552 0.029422 0.037604
20 0.532602 0.254719 0.028234 0.070271
10 0.129117 0.566187 0.028422 0.044375
11 0.748961 0.517198 0.043484 0.051188
27 0.118984 0.851979 0.020781 0.053000
