30 0.546234 0.514333 0.054875 0.069917
6 0.948672 0.187771 0.102656 0.175708
32 0.835336 0.436875 0.082359 0.135375
17 0.500758 0.120917 0.137641 0.193583
23 0.349719 0.805698 0.079531 0.092521
32 0.485391 0.819708 0.075438 0.113542
16 0.226961 0.324990 0.222547 0.278854
17 0.226914 0.326104 0.223203 0.277292
0 0.707594 0.580240 0.053531 0.078521
40 0.770070 0.062260 0.223797 0.122854
2 0.636313 0.714031 0.059687 0.258813
18 0.140633 0.814583 0.099203 0.124708
38 0.366984 0.598448 0.120250 0.187812
38 0.616102 0.281208 0.122422 0.151000
