24 0.400188 0.704844 0.069313 0.088312
6 0.240469 0.970094 0.082219 0.059812
30 0.638219 0.836625 0.037094 0.055708
40 0.688758 0.395333 0.149328 0.228417
13 0.439680 0.510583 0.163859 0.210542
0 0.518430 0.321354 0.037141 0.062917
31 0.059203 0.522083 0.059813 0.080042
7 0.602563 0.646000 0.054094 0.090958
16 0.129383 0.322729 0.159797 0.199458
18 0.625266 0.213115 0.056875 0.088646
32 0.162570 0.762417 0.080109 0.102667
38 0.217742 0.565750 0.083766 0.123833
17 0.497156 0.925948 0.122594 0.147729
5 0.767180 0.768833 0.060547 0.045833
2 0.301844 0.261469 0.124031 0.097063
17 0.129719 0.322729 0.160500 0.198583
22 0.378086 0.307760 0.042391 0.103188
23 0.269336 0.360802 0.066922 0.108188
38 0.347719 0.872073 0.073000 0.161146
