18 0.504211 0.036604 0.060922 0.073208
13 0.444625 0.427396 0.171063 0.190208
0 0.444977 0.190375 0.044203 0.071625
38 0.245797 0.623500 0.122438 0.090375
40 0.637375 0.144052 0.098937 0.230021
5 0.862570 0.428229 0.080609 0.101417
31 0.052930 0.698927 0.072234 0.086104
23 0.213547 0.376094 0.091594 0.115604
24 0.495586 0.611271 0.055078 0.117083
22 0.306445 0.256698 0.056109 0.124146
17 0.504320 0.036562 0.059734 0.071875
6 0.448234 0.972865 0.057500 0.053812
30 0.763406 0.586365 0.044062 0.058604
17 0.672281 0.773490 0.129969 0.180104
7 0.664922 0.424948 0.068875 0.127104
38 0.500547 0.818469 0.116187 0.131396
32 0.267492 0.853417 0.087422 0.119500
22 0.306727 0.256260 0.056484 0.123729
16 0.068812 0.448750 0.137625 0.229167
2 0.198906 0.270594 0.118437 0.159813
