36 0.975695 0.441906 0.041328 0.067771
10 0.193922 0.263583 0.026656 0.033708
15 0.649320 0.810354 0.193859 0.203458
20 0.499242 0.159896 0.033141 0.067042
11 0.711844 0.575104 0.042219 0.059083
20 0.615812 0.227927 0.030906 0.074521
39 0.251563 0.574531 0.175625 0.264729
20 0.688156 0.262531 0.027594 0.067604
19 0.565055 0.220646 0.334891 0.326708
1 0.338719 0.972635 0.068375 0.054729
33 0.532352 0.459281 0.011547 0.018562
34 0.279812 0.049583 0.021750 0.038000
25 0.445078 0.698750 0.016094 0.020417
27 0.094984 0.478844 0.025281 0.043646
