34 0.718672 0.135646 0.019531 0.033750
25 0.431719 0.617083 0.013125 0.012083
26 0.263617 0.897187 0.015078 0.031500
39 0.409227 0.380000 0.160016 0.145833
35 0.065703 0.933260 0.036719 0.044437
20 0.808719 0.640979 0.039312 0.048125
1 0.231000 0.649094 0.049875 0.068604
19 0.778453 0.501448 0.200344 0.387062
15 0.449281 0.861771 0.120719 0.238125
27 0.070859 0.248021 0.017656 0.032833
20 0.767016 0.393865 0.034969 0.056021
27 0.397109 0.198958 0.028594 0.015000
10 0.557406 0.174187 0.023625 0.019542
20 0.791813 0.545875 0.038531 0.053875
11 0.636477 0.826792 0.040859 0.059583
9 0.071172 0.453125 0.012031 0.019583
33 0.607891 0.582396 0.010156 0.016042
