30 0.043648 0.346531 0.062922 0.075563
13 0.138250 0.688875 0.249625 0.339333
24 0.398438 0.761396 0.108750 0.110292
7 0.357344 0.117667 0.098750 0.223417
16 0.923727 0.710104 0.152547 0.347708
38 0.585406 0.099510 0.140125 0.143896
38 0.918867 0.339823 0.162266 0.133104
2 0.522742 0.797323 0.072953 0.292438
0 0.526094 0.287000 0.057188 0.094667
5 0.908383 0.406198 0.117703 0.138854
32 0.697406 0.455656 0.112406 0.142438
31 0.267844 0.334813 0.086312 0.110417
22 0.725742 0.753094 0.090859 0.081729
18 0.436141 0.523490 0.096156 0.118854
17 0.140758 0.148885 0.168172 0.191396
