0 0.408242 0.280198 0.038828 0.063438
24 0.274008 0.653104 0.084984 0.092083
6 0.633242 0.714177 0.039953 0.053104
22 0.262391 0.264188 0.058188 0.109708
31 0.046297 0.712417 0.078875 0.097750
16 0.051313 0.281823 0.102625 0.194896
7 0.473164 0.595271 0.053641 0.094208
23 0.152961 0.316396 0.081234 0.111500
18 0.517070 0.173385 0.054016 0.090812
6 0.110438 0.916958 0.096938 0.062708
13 0.324133 0.466062 0.164078 0.207292
40 0.571164 0.352417 0.146672 0.224625
38 0.103156 0.518646 0.079281 0.120875
30 0.513773 0.784281 0.035734 0.053562
2 0.193141 0.219698 0.125031 0.098896
38 0.223977 0.816177 0.068266 0.151729
17 0.369852 0.882854 0.116922 0.165667
