38 0.717516 0.402427 0.036469 0.193354
22 0.340977 0.873250 0.070984 0.058208
18 0.377367 0.473906 0.087984 0.118396
24 0.198492 0.555667 0.109922 0.144042
7 0.562750 0.190917 0.063812 0.189917
5 0.660891 0.907958 0.066000 0.064500
2 0.262281 0.720906 0.193406 0.115062
30 0.311984 0.038062 0.046094 0.066208
17 0.466719 0.051458 0.138188 0.101667
32 0.541563 0.708896 0.099094 0.132375
23 0.897742 0.580365 0.107141 0.120229
38 0.750031 0.890625 0.076438 0.217417
6 0.055477 0.634187 0.110953 0.104000
13 0.176094 0.279094 0.221687 0.244729
0 0.563187 0.444344 0.051281 0.082271
31 0.415219 0.226917 0.069281 0.103250
