24 0.257469 0.388448 0.100750 0.155187
22 0.264297 0.712969 0.083781 0.068063
38 0.583375 0.940760 0.079406 0.118479
23 0.817672 0.812802 0.098250 0.085854
5 0.498305 0.931302 0.034984 0.065021
31 0.544641 0.238958 0.065250 0.092917
2 0.260539 0.559125 0.170516 0.103917
17 0.665914 0.085927 0.131422 0.171229
6 0.118961 0.369708 0.111016 0.130833
13 0.322312 0.152354 0.191594 0.223500
18 0.429945 0.419646 0.076672 0.114500
30 0.525328 0.028615 0.042063 0.057229
38 0.737000 0.558677 0.097687 0.174312
7 0.669695 0.287854 0.078797 0.166625
32 0.480961 0.702458 0.088641 0.123708
16 0.321750 0.953167 0.208312 0.093292
0 0.589656 0.501740 0.050344 0.075396
