15 0.363703 0.698125 0.133812 0.165042
1 0.391828 0.411083 0.047406 0.063667
20 0.710602 0.899073 0.032766 0.033563
37 0.058258 0.522594 0.077547 0.101063
35 0.191125 0.403208 0.027437 0.035250
20 0.791672 0.799167 0.035531 0.034583
11 0.475891 0.870490 0.035719 0.050687
34 0.932672 0.619469 0.023156 0.025229
20 0.662016 0.960448 0.028719 0.034646
19 0.738391 0.840271 0.273969 0.319458
3 0.620633 0.178250 0.074391 0.126417
39 0.611719 0.435177 0.135313 0.188812
27 0.284641 0.553823 0.020031 0.023104
28 0.530266 0.081052 0.025656 0.029563
27 0.714164 0.335562 0.020484 0.030000
10 0.816094 0.474135 0.021563 0.025479
33 0.596016 0.727708 0.008281 0.012083
25 0.495312 0.574667 0.010125 0.013000
9 0.424547 0.185875 0.011844 0.009000
