24 0.153906 0.090490 0.130344 0.180271
17 0.604508 0.680365 0.159828 0.213938
7 0.847273 0.923969 0.138984 0.114229
22 0.576172 0.220365 0.044656 0.153771
5 0.884094 0.619854 0.108500 0.090583
31 0.401766 0.978917 0.102406 0.041958
32 0.319211 0.057250 0.093391 0.113542
40 0.205469 0.741271 0.285313 0.303708
2 0.671773 0.230313 0.057609 0.230125
23 0.796156 0.422594 0.107406 0.128646
0 0.457688 0.501531 0.056281 0.083271
18 0.051805 0.499177 0.101859 0.119354
13 0.230023 0.323177 0.238703 0.266937
38 0.031453 0.216146 0.062906 0.182917
