23 0.150883 0.525687 0.096734 0.092750
5 0.818187 0.579115 0.074656 0.080188
2 0.139555 0.402219 0.123516 0.162771
32 0.204484 0.980729 0.095031 0.038542
17 0.622367 0.921979 0.135609 0.155458
18 0.457375 0.140719 0.059312 0.102187
30 0.717875 0.737406 0.045906 0.061313
38 0.180508 0.780375 0.129016 0.091458
7 0.614758 0.574667 0.063484 0.110625
13 0.390109 0.567562 0.179094 0.198958
0 0.393867 0.316927 0.046734 0.070354
40 0.589086 0.274198 0.099516 0.233896
16 0.036062 0.588604 0.072125 0.239750
38 0.428789 0.957302 0.087703 0.084271
24 0.435562 0.771771 0.063312 0.093542
22 0.246984 0.393313 0.068562 0.109833
32 0.011484 0.854917 0.022875 0.094333
32 0.011094 0.874844 0.022187 0.136313
