31 0.540000 0.372167 0.066312 0.093667
32 0.473961 0.872521 0.093234 0.138333
2 0.246094 0.714396 0.177281 0.109125
6 0.098805 0.523208 0.116609 0.110750
17 0.665367 0.209646 0.132984 0.178000
7 0.669086 0.437240 0.080422 0.146563
30 0.520422 0.148323 0.042687 0.064354
13 0.311398 0.284083 0.197828 0.226500
38 0.739422 0.715729 0.099250 0.180875
18 0.420648 0.569104 0.077422 0.113458
24 0.241828 0.544375 0.106844 0.137750
0 0.586469 0.654010 0.049125 0.074688
22 0.246289 0.896990 0.092141 0.066437
24 0.246797 0.897333 0.091281 0.066042
