18 0.466977 0.258729 0.054359 0.086417
16 0.689438 0.432188 0.156219 0.202708
2 0.370508 0.663958 0.128297 0.112792
17 0.732133 0.739604 0.111641 0.148625
30 0.494047 0.647198 0.035719 0.047438
31 0.367344 0.510760 0.050563 0.070896
38 0.504867 0.473510 0.068641 0.127562
0 0.408344 0.764375 0.042125 0.060458
32 0.438117 0.935958 0.075578 0.070042
38 0.600820 0.794813 0.055203 0.149875
22 0.147922 0.819677 0.074406 0.037896
23 0.398609 0.396979 0.045375 0.082042
24 0.151211 0.632292 0.093734 0.090542
40 0.707117 0.954667 0.168578 0.090583
