18 0.030781 0.667219 0.061562 0.112104
22 0.156219 0.794729 0.099500 0.078167
6 0.910453 0.630031 0.115969 0.102896
23 0.155906 0.794229 0.099625 0.077167
30 0.440609 0.653906 0.043562 0.064437
38 0.586383 0.492469 0.139297 0.084104
2 0.439086 0.880437 0.131734 0.239125
17 0.550516 0.287073 0.133219 0.178729
40 0.817523 0.351208 0.241422 0.247042
0 0.548297 0.813146 0.055187 0.074625
38 0.265289 0.619469 0.138828 0.118354
32 0.712023 0.769573 0.066797 0.140104
16 0.251703 0.308677 0.204969 0.263562
7 0.794086 0.092135 0.098984 0.183688
31 0.276930 0.880781 0.076172 0.103021
