1 0.427328 0.975885 0.067719 0.048229
34 0.014609 0.169354 0.029219 0.037542
10 0.010656 0.424573 0.021313 0.037146
36 0.789148 0.107646 0.043578 0.072583
33 0.413359 0.386667 0.012344 0.021250
20 0.271531 0.131729 0.036313 0.074042
11 0.612414 0.382104 0.042984 0.048167
26 0.652898 0.942542 0.028609 0.036250
15 0.646969 0.630698 0.193875 0.186396
39 0.186633 0.666510 0.133297 0.286354
20 0.402914 0.121562 0.033859 0.076875
20 0.482680 0.119323 0.030984 0.079021
25 0.420930 0.659583 0.013141 0.017083
19 0.352133 0.150417 0.319797 0.222250
