16 0.265180 0.181438 0.196797 0.248917
2 0.449797 0.716740 0.121094 0.226063
31 0.292750 0.715333 0.074594 0.099417
17 0.556242 0.157396 0.131078 0.179625
38 0.278336 0.474510 0.135297 0.116354
32 0.711477 0.609844 0.063703 0.133729
0 0.553312 0.653094 0.053750 0.072937
40 0.816305 0.216229 0.234172 0.243292
18 0.041828 0.516906 0.083344 0.113396
23 0.176398 0.622729 0.092953 0.103917
30 0.449250 0.506302 0.043750 0.065438
38 0.590523 0.355750 0.132641 0.080750
6 0.902844 0.470729 0.111844 0.126167
13 0.886109 0.966146 0.227781 0.067708
