38 0.290031 0.221042 0.157094 0.104875
17 0.053750 0.787719 0.107500 0.250021
0 0.390102 0.396302 0.063016 0.094729
6 0.831180 0.967615 0.132016 0.062146
18 0.497984 0.633687 0.093312 0.125083
24 0.676500 0.784198 0.128000 0.127354
13 0.412141 0.935490 0.260875 0.128354
17 0.884250 0.170250 0.227562 0.283250
22 0.825008 0.428177 0.108859 0.151562
38 0.629172 0.052583 0.137250 0.103500
7 0.175273 0.472323 0.150859 0.180146
31 0.254445 0.731760 0.095609 0.123312
32 0.597359 0.308063 0.105438 0.149375
2 0.729938 0.678740 0.217000 0.179229
