32 0.712352 0.779104 0.109359 0.153042
5 0.919992 0.894615 0.128109 0.060729
2 0.429211 0.935427 0.219672 0.128896
0 0.618148 0.508125 0.056703 0.087583
24 0.323562 0.890167 0.123281 0.133000
38 0.947766 0.818885 0.104469 0.226396
13 0.166617 0.629427 0.257797 0.327187
38 0.744055 0.370906 0.100484 0.191979
18 0.452828 0.663750 0.092031 0.121458
30 0.193266 0.274969 0.056813 0.073313
7 0.525086 0.264667 0.070078 0.191875
31 0.381320 0.393208 0.077609 0.106250
17 0.341281 0.147594 0.149813 0.202812
