30 0.327633 0.570208 0.052078 0.070083
38 0.410383 0.334135 0.126359 0.150688
2 0.409031 0.777896 0.064719 0.265667
5 0.947344 0.172885 0.105312 0.158396
17 0.062148 0.373052 0.124297 0.287146
0 0.483586 0.638312 0.059047 0.077167
31 0.249437 0.886948 0.083125 0.117104
38 0.140187 0.661021 0.129000 0.192833
13 0.947523 0.739062 0.104891 0.347625
13 0.947094 0.675323 0.105469 0.241646
23 0.089781 0.882448 0.129750 0.092021
6 0.735594 0.245073 0.084125 0.169896
40 0.563164 0.085948 0.220234 0.171729
17 0.299367 0.169448 0.145078 0.194812
32 0.615187 0.494198 0.067063 0.133354
