13 0.280805 0.248135 0.214453 0.245021
38 0.865070 0.860104 0.071547 0.226708
17 0.561641 0.036729 0.139375 0.072958
30 0.408047 0.021750 0.046844 0.043333
18 0.485258 0.442667 0.081609 0.121250
7 0.672070 0.157865 0.084609 0.195896
24 0.318594 0.519625 0.088906 0.146292
31 0.514766 0.197094 0.067250 0.103938
6 0.164773 0.598146 0.112203 0.108458
2 0.374266 0.685646 0.191469 0.116708
5 0.787117 0.868323 0.092016 0.055896
16 0.654977 0.977729 0.243266 0.044542
22 0.466141 0.832552 0.046938 0.049479
0 0.669820 0.413771 0.054078 0.083375
38 0.823250 0.370615 0.036219 0.194854
32 0.655055 0.671167 0.100109 0.127833
