11 0.695195 0.588615 0.039984 0.051437
25 0.434125 0.536208 0.013500 0.017250
33 0.584781 0.392750 0.018156 0.019250
36 0.976094 0.639760 0.047813 0.062146
20 0.657852 0.124219 0.029141 0.066979
39 0.321719 0.330896 0.180625 0.214708
19 0.699719 0.222719 0.286313 0.382104
15 0.550484 0.727813 0.144000 0.226875
3 0.060492 0.276531 0.114016 0.154438
20 0.782656 0.314177 0.035000 0.061646
9 0.010820 0.628240 0.011703 0.026396
8 0.106000 0.841094 0.006688 0.013646
27 0.236867 0.177563 0.027641 0.027917
1 0.253812 0.697146 0.063781 0.085833
20 0.733203 0.241271 0.032656 0.062875
26 0.381969 0.900927 0.025719 0.039896
10 0.380602 0.055729 0.024016 0.024083
