34 0.506969 0.122583 0.017813 0.036000
36 0.982891 0.904479 0.034219 0.062708
11 0.697500 0.841479 0.041875 0.064792
39 0.300883 0.564656 0.189766 0.230146
10 0.367023 0.259500 0.026797 0.031000
3 0.045234 0.512656 0.090469 0.142187
15 0.531875 0.951583 0.129062 0.095250
20 0.734031 0.468906 0.034937 0.057604
27 0.215438 0.387667 0.031313 0.033000
20 0.786664 0.548750 0.036453 0.051667
1 0.227453 0.960000 0.073219 0.080000
20 0.653414 0.343031 0.033172 0.062271
19 0.699602 0.441031 0.304859 0.414563
25 0.419219 0.781354 0.015000 0.019792
33 0.578219 0.625083 0.010313 0.017000
