32 0.670891 0.594750 0.112406 0.151083
0 0.494805 0.421458 0.056641 0.094667
2 0.488547 0.902292 0.072906 0.195417
7 0.318609 0.250115 0.108719 0.205188
16 0.919844 0.844792 0.160313 0.310417
38 0.553687 0.224240 0.143937 0.143896
38 0.895437 0.470719 0.170875 0.133104
31 0.228875 0.467708 0.086312 0.110417
22 0.696547 0.941313 0.088094 0.088875
18 0.398836 0.669125 0.098891 0.127167
17 0.098047 0.269812 0.168156 0.213417
30 0.015078 0.484375 0.030156 0.069667
13 0.110852 0.833948 0.221703 0.332104
24 0.354805 0.945458 0.125859 0.109083
5 0.885516 0.560562 0.116969 0.113875
