18 0.241094 0.223490 0.065000 0.098854
22 0.128133 0.975250 0.085297 0.049500
7 0.906141 0.639135 0.109406 0.096938
24 0.058813 0.796250 0.117625 0.072875
17 0.670828 0.504469 0.120719 0.159604
16 0.518570 0.247458 0.164953 0.214375
31 0.237594 0.530333 0.061125 0.083083
32 0.467906 0.881375 0.086375 0.087750
38 0.565133 0.635146 0.097141 0.136125
40 0.764008 0.796948 0.129578 0.275979
23 0.222062 0.393146 0.081438 0.106958
30 0.416320 0.574792 0.039859 0.055417
38 0.360922 0.407094 0.106594 0.107062
2 0.297164 0.677750 0.154016 0.068417
0 0.373617 0.743958 0.050266 0.067500
