17 0.283602 0.090354 0.188984 0.178958
2 0.462000 0.566948 0.120031 0.215062
17 0.564758 0.064125 0.125891 0.126458
23 0.199984 0.466302 0.086094 0.124479
32 0.715742 0.463719 0.062172 0.127354
36 0.715703 0.464448 0.064062 0.127229
6 0.902148 0.322833 0.107734 0.146917
24 0.404430 0.922073 0.092172 0.112396
31 0.311164 0.564260 0.070578 0.095521
18 0.064148 0.378052 0.089828 0.113604
30 0.461430 0.370146 0.042359 0.065917
0 0.562586 0.504896 0.051984 0.075042
38 0.599219 0.225906 0.126719 0.081146
13 0.938367 0.862094 0.123266 0.234979
40 0.816836 0.105135 0.226453 0.210271
38 0.296805 0.339406 0.129516 0.114812
