38 0.350766 0.236531 0.087312 0.195438
17 0.180859 0.162688 0.154938 0.200083
2 0.514164 0.621208 0.114234 0.250917
31 0.418516 0.821844 0.082937 0.115812
24 0.777289 0.895823 0.120516 0.130354
23 0.273398 0.908406 0.115578 0.091312
32 0.598836 0.248333 0.093547 0.133042
30 0.365648 0.500010 0.054141 0.077229
17 0.049609 0.534177 0.099219 0.310438
0 0.535641 0.454479 0.056219 0.082167
22 0.881391 0.644281 0.115500 0.101896
38 0.220016 0.698990 0.070156 0.227021
16 0.050164 0.533521 0.100328 0.315417
13 0.951391 0.195552 0.096781 0.240354
40 0.411172 0.024365 0.234813 0.048729
