16 0.204469 0.862583 0.208687 0.274833
7 0.267289 0.211781 0.081578 0.136146
24 0.367328 0.297844 0.083406 0.154437
6 0.734695 0.437563 0.085547 0.133167
32 0.445609 0.672177 0.087781 0.113146
22 0.269695 0.553344 0.077453 0.090604
7 0.735344 0.437594 0.085344 0.133979
38 0.430633 0.935104 0.131453 0.128625
0 0.600383 0.570562 0.046078 0.068667
18 0.499258 0.411177 0.066172 0.107437
38 0.704594 0.705542 0.128781 0.121583
13 0.503750 0.153917 0.173125 0.237708
31 0.657539 0.327802 0.059141 0.089938
17 0.816563 0.261594 0.129656 0.164563
30 0.715602 0.137469 0.041953 0.057813
2 0.325703 0.431469 0.124375 0.156646
23 0.673414 0.960260 0.074828 0.079187
