17 0.089031 0.890094 0.177437 0.218896
16 0.924664 0.252708 0.150672 0.317708
18 0.579953 0.750417 0.098031 0.131708
38 0.363023 0.318437 0.160797 0.108167
38 0.706258 0.118260 0.148516 0.150188
22 0.920969 0.543396 0.132000 0.133500
24 0.778258 0.931656 0.152391 0.135729
0 0.464586 0.498885 0.060734 0.093104
5 0.778086 0.161531 0.085766 0.191771
32 0.677656 0.408031 0.110250 0.149979
31 0.329969 0.850729 0.093375 0.128958
2 0.819469 0.790052 0.223312 0.182063
7 0.253516 0.587625 0.136375 0.160458
