32 0.612930 0.673333 0.101953 0.148333
30 0.117883 0.192573 0.055672 0.072854
31 0.302234 0.305885 0.081781 0.111146
18 0.363953 0.563958 0.095219 0.122917
17 0.266937 0.085885 0.141719 0.169771
13 0.106719 0.531458 0.213438 0.318333
23 0.888250 0.325969 0.122875 0.176521
2 0.349914 0.880771 0.188891 0.238458
22 0.497969 0.960083 0.050625 0.079833
6 0.098312 0.954396 0.145688 0.091208
24 0.225117 0.759854 0.142984 0.123500
5 0.806203 0.770031 0.098531 0.067146
0 0.528648 0.415667 0.055516 0.087833
7 0.433016 0.174250 0.085219 0.209417
16 0.782891 0.957396 0.227031 0.085208
38 0.653055 0.282094 0.096391 0.190396
38 0.867258 0.707354 0.144859 0.204875
