13 0.324914 0.396729 0.275953 0.187375
22 0.612672 0.083094 0.047094 0.164896
30 0.972977 0.917229 0.054047 0.088958
38 0.089969 0.939802 0.102438 0.120396
38 0.028844 0.459750 0.055875 0.218708
18 0.195125 0.699417 0.111094 0.128958
0 0.601445 0.422812 0.065328 0.095333
23 0.898461 0.123219 0.128953 0.206604
31 0.768313 0.937531 0.093406 0.124563
32 0.274719 0.083469 0.107031 0.135604
24 0.131164 0.198052 0.153578 0.200687
40 0.480000 0.812542 0.310312 0.256042
2 0.688602 0.077375 0.118109 0.154500
17 0.813070 0.494427 0.180547 0.229063
