24 0.282734 0.639885 0.068875 0.061646
5 0.540203 0.901115 0.026344 0.037646
7 0.451633 0.706052 0.052484 0.072521
38 0.202977 0.430188 0.038141 0.122708
22 0.399953 0.317302 0.031000 0.083771
17 0.220562 0.211521 0.138531 0.150500
18 0.638961 0.370490 0.050984 0.077729
31 0.107039 0.318177 0.050828 0.065687
17 0.287156 0.872333 0.107813 0.144250
13 0.380055 0.497948 0.133297 0.188354
0 0.514375 0.399083 0.033375 0.056500
40 0.621258 0.552729 0.162453 0.180500
6 0.084328 0.755760 0.086969 0.055604
23 0.300102 0.302906 0.047141 0.097687
2 0.369016 0.234250 0.109437 0.056875
38 0.196313 0.739333 0.035750 0.137292
30 0.429703 0.878885 0.030750 0.050812
