20 0.576914 0.139000 0.029609 0.072917
33 0.612891 0.438437 0.010781 0.020208
34 0.354633 0.031823 0.022391 0.040313
19 0.645156 0.204479 0.340938 0.326875
1 0.426664 0.959667 0.070109 0.080667
11 0.793180 0.552156 0.042359 0.052854
20 0.767930 0.240813 0.037109 0.064208
27 0.176812 0.458250 0.023562 0.041417
10 0.271742 0.244583 0.027953 0.031417
39 0.335859 0.551427 0.165469 0.268813
15 0.742969 0.788542 0.202500 0.200000
20 0.694523 0.203958 0.034672 0.070000
25 0.528805 0.678104 0.016453 0.018792
3 0.059766 0.690490 0.119531 0.118062
